  0.00119286
  0.00154706
  0.00192776
  0.00230794
  0.00265477
  0.00293397
  0.00311540
  0.00317833
  0.00311540
  0.00293397
  0.00265477
  0.00230794
  0.00192776
  0.00154706
  0.00119286
  0.00154706
  0.00200643
  0.00250017
  0.00299324
  0.00344305
  0.00380516
  0.00404045
  0.00412208
  0.00404045
  0.00380516
  0.00344305
  0.00299324
  0.00250017
  0.00200643
  0.00154706
  0.00192776
  0.00250017
  0.00311540
  0.00372981
  0.00429030
  0.00474152
  0.00503472
  0.00513642
  0.00503472
  0.00474152
  0.00429030
  0.00372981
  0.00311540
  0.00250017
  0.00192776
  0.00230794
  0.00299324
  0.00372981
  0.00446539
  0.00513642
  0.00567663
  0.00602765
  0.00614942
  0.00602765
  0.00567663
  0.00513642
  0.00446539
  0.00372981
  0.00299324
  0.00230794
  0.00265477
  0.00344305
  0.00429030
  0.00513642
  0.00590829
  0.00652967
  0.00693345
  0.00707351
  0.00693345
  0.00652967
  0.00590829
  0.00513642
  0.00429030
  0.00344305
  0.00265477
  0.00293397
  0.00380516
  0.00474152
  0.00567663
  0.00652967
  0.00721641
  0.00766264
  0.00781744
  0.00766264
  0.00721641
  0.00652967
  0.00567663
  0.00474152
  0.00380516
  0.00293397
  0.00311540
  0.00404045
  0.00503472
  0.00602765
  0.00693345
  0.00766264
  0.00813648
  0.00830084
  0.00813648
  0.00766264
  0.00693345
  0.00602765
  0.00503472
  0.00404045
  0.00311540
  0.00317833
  0.00412208
  0.00513642
  0.00614942
  0.00707351
  0.00781744
  0.00830084
  0.00846853
  0.00830084
  0.00781744
  0.00707351
  0.00614942
  0.00513642
  0.00412208
  0.00317833
  0.00311540
  0.00404045
  0.00503472
  0.00602765
  0.00693345
  0.00766264
  0.00813648
  0.00830084
  0.00813648
  0.00766264
  0.00693345
  0.00602765
  0.00503472
  0.00404045
  0.00311540
  0.00293397
  0.00380516
  0.00474152
  0.00567663
  0.00652967
  0.00721641
  0.00766264
  0.00781744
  0.00766264
  0.00721641
  0.00652967
  0.00567663
  0.00474152
  0.00380516
  0.00293397
  0.00265477
  0.00344305
  0.00429030
  0.00513642
  0.00590829
  0.00652967
  0.00693345
  0.00707351
  0.00693345
  0.00652967
  0.00590829
  0.00513642
  0.00429030
  0.00344305
  0.00265477
  0.00230794
  0.00299324
  0.00372981
  0.00446539
  0.00513642
  0.00567663
  0.00602765
  0.00614942
  0.00602765
  0.00567663
  0.00513642
  0.00446539
  0.00372981
  0.00299324
  0.00230794
  0.00192776
  0.00250017
  0.00311540
  0.00372981
  0.00429030
  0.00474152
  0.00503472
  0.00513642
  0.00503472
  0.00474152
  0.00429030
  0.00372981
  0.00311540
  0.00250017
  0.00192776
  0.00154706
  0.00200643
  0.00250017
  0.00299324
  0.00344305
  0.00380516
  0.00404045
  0.00412208
  0.00404045
  0.00380516
  0.00344305
  0.00299324
  0.00250017
  0.00200643
  0.00154706
  0.00119286
  0.00154706
  0.00192776
  0.00230794
  0.00265477
  0.00293397
  0.00311540
  0.00317833
  0.00311540
  0.00293397
  0.00265477
  0.00230794
  0.00192776
  0.00154706
  0.00119286
